../../.git/annex/objects/7x/zm/MD5E-s208029--76446b20ff51abc34a9590ab7a3c3ef5.tsv/MD5E-s208029--76446b20ff51abc34a9590ab7a3c3ef5.tsv